CSH
698-fort
699
708-fort
2180
2170
2181
2182
2183
2184
4198

QIN
689
700-fort
701
702
2179
4223

JIN
692
693
694
697-fort
2136
2177
2178

YAN
695
696
2137
4195

QIC
690
691
2138
2139
2140

LNG
688
1836
2175
2176

TNG
687

CXI
2171

SHU
679-fort
680
681
2169
4211
4212
4213

CHC
671
672
682-fort
2172
4197

WUU
684
1824
2148
2149
2150

MIN
669-fort
1829
2152
2153
2156

NNG
670
683
1833
2151

HUA
2158

CMI
673
2173
2174
4199

CYI
674
675
2168
2748

CDL
661
662-fort
663
2165
2167

CGS
664
1840
2161
2162
2163
2164

YUE
665
666
667-fort
668
2157
2159
2160

CZH
685
686
704
726-fort
1816-fort
1821-fort
1822
1838
2141
2142
2112
2113
2143
2144
2145
2146
2147
4194
4196
4652
